% Data from Apple stock :
Apple_MarketData = [218.75
                    223.085
                    223.59
                    216.7
                    214.17
                    213.26
                    213.28
                    209.19
                    205.7
                    208.74
                    208.74
                    209.01
                    205.53
                    204.16
                    206.49
                    202.64
                    212.46
                    212.64
                    210.36
                    210.35
                    206.5
                    201.74
                    202.75
                    208.97
                    200.48
                    200.99
                    203.43
                    199.04
                    197
                    193.34
                    204.02
                    208.43
                    213.04
                    208.78
                    209.68
                    207.74
                    207.02
                    208.67
                    208.84
                    207.22
                    202.59
                    205.66
                    203.35
                    204.5
                    205.21
                    203.3
                    201.75
                    203.23
                    201.24
                    200.02
                    204.23
                    204.41
                    204.41
                    202.73
                    201.55
                    197.92
                    199.74
                    199.8
                    195.57
                    198.58
                    198.78
                    199.46
                    197.87
                    198.45
                    193.89
                    192.74
                    194.15
                    194.19
                    194.81
                    192.58
                    190.15
                    185.22
                    182.54
                    179.64
                    173.3
                    175.07
                    178.3
                    177.38
                    178.23
                    178.97
                    178.97
                    179.66
                    182.78
                    186.6
                    183.09
                    189
                    190.08
                    190.92
                    188.66
                    185.72
                    197.18
                    200.72
                    202.9
                    202.86
                    208.48
                    211.75
                    209.15
                    210.52
                    200.67
                    204.61
                    204.3
                    205.28
                    207.16
                    207.48
                    204.53
                    203.86
                    203.86
                    203.13
                    199.25
                    199.23
                    198.87
                    198.95
                    200.62
                    199.5
                    200.1
                    197
                    195.69
                    195.35
                    194.02
                    191.24
                    189.95
                    188.72
                    188.47
                    186.79
                    188.74
                    191.05
                    195.09
                    188.16
                    186.53
                    188.02
                    186.12
                    183.73
                    181.71
                    180.91
                    178.9
                    172.91
                    172.5
                    174.52
                    175.53
                    175.85
                    174.97
                    173.15
                    174.87
                    174.33
                    174.23
                    172.97
                    171.06
                    172.03
                    170.93
                    170.42
                    170.42
                    170.8
                    170.18
                    170.89
                    169.43
                    170.41
                    170.94
                    174.24
                    174.18
                    171.25
                    166.52
                    166.44
                    165.25
                    154.68
                    156.3
                    157.76
                    152.7
                    153.92
                    153.3
                    156.82
                    156.82
                    155.86
                    154.94
                    153.07
                    150
                    152.29
                    153.8
                    153.31
                    150.75
                    147.93
                    148.26
                    142.19
                    157.92
                    157.74
                    157.74
                    156.23
                    156.15
                    157.17
                    146.83
                    146.83
                    150.73
                    156.83
                    160.89
                    166.07
                    163.94
                    165.48
                    170.95
                    169.1
                    168.63
                    169.6
                    168.49
                    174.72
                    176.69
                    176.69
                    184.82
                    178.58
                    179.55
                    180.94
                    174.24
                    174.62
                    172.29
                    176.78
                    176.78
                    176.98
                    185.86
                    193.53
                    191.41
                    186.8
                    192.23
                    194.17
                    204.47
                    208.49
                    209.95
                    203.77
                    201.59
                    207.48
                    222.22
                    218.86
                    213.3
                    212.24
                    216.3
                    219.8
                    215.09
                    222.73
                    220.65
                    219.31
                    216.02
                    221.19
                    222.15
                    217.36
                    222.11
                    214.45
                    216.36
                    226.87
                    223.77
                    224.29
                    227.99
                    232.07
                    229.28
                    227.26
                    225.74
                    224.95
                    220.42
                    222.19
                    220.79
                    217.66
                    220.03
                    218.37
                    218.24
                    217.88
                    223.84
                    226.41
                    221.07
                    223.85
                    218.33
                    221.3
                    223.1
                    226.87
                    228.36
                    227.63
                    227.63
                    225.03
                    222.98
                    219.7
                    217.94
                    216.16
                    215.49
                    215.05
                    215.04
                    215.46
                    217.58
                    213.32
                    210.24
                    209.75
                    208.87
                    207.53
